image: /home/rafaelm/Desktop/mapa_test.pgm
resolution: 0.025000
origin: [-18.017670, -12.789268, 0.000000]
negate: 0
occupied_thresh: 0.65
free_thresh: 0.196

